14
0 29 81 53 55 30 74 92 34 16 35 15 84 73
29 0 97 85 91 62 64 69 65 88 71 76 78 39
81 97 0 20 91 80 81 80 47 23 47 95 86 62
53 85 20 0 85 21 20 73 40 28 98 49 21 21
55 91 91 85 0 17 94 95 38 14 47 41 89 85
30 62 80 21 17 0 80 38 58 37 55 91 56 72
74 64 81 20 94 80 0 38 26 20 27 81 43 17
92 69 80 73 95 38 38 0 25 47 54 36 37 94
34 65 47 40 38 58 26 25 0 26 23 71 89 96
16 88 23 28 14 37 20 47 26 0 90 72 25 75
35 71 47 98 47 55 27 54 23 90 0 81 40 83
15 76 95 49 41 91 81 36 71 72 81 0 83 97
84 78 86 21 89 56 43 37 89 25 40 83 0 89
73 39 62 21 85 72 17 94 96 75 83 97 89 0
