11
0 38 31 18 27 78 78 60 62 40 30
38 0 46 52 39 66 65 91 22 86 12
31 46 0 98 62 91 65 23 30 57 22
18 52 98 0 30 84 32 23 21 62 61
27 39 62 30 0 85 66 99 87 23 47
78 66 91 84 85 0 13 85 57 49 43
78 65 65 32 66 13 0 17 28 65 53
60 91 23 23 99 85 17 0 50 69 48
62 22 30 21 87 57 28 50 0 28 29
40 86 57 62 23 49 65 69 28 0 89
30 12 22 61 47 43 53 48 29 89 0
