12
0 62 67 70 94 30 62 98 35 93 30 49
62 0 97 80 91 73 16 83 70 30 70 89
67 97 0 61 48 70 96 70 13 89 42 37
70 80 61 0 44 97 38 48 44 40 42 77
94 91 48 44 0 49 10 71 71 44 49 46
30 73 70 97 49 0 75 12 13 52 49 78
62 16 96 38 10 75 0 77 60 41 80 29
98 83 70 48 71 12 77 0 97 72 39 29
35 70 13 44 71 13 60 97 0 85 24 23
93 30 89 40 44 52 41 72 85 0 16 14
30 70 42 42 49 49 80 39 24 16 0 41
49 89 37 77 46 78 29 29 23 14 41 0
