13
0 43 81 95 44 22 44 52 38 19 95 20 37
43 0 86 58 56 99 43 45 25 77 99 54 80
81 86 0 18 60 79 69 23 47 85 28 42 76
95 58 18 0 86 65 60 91 34 41 41 91 75
44 56 60 86 0 30 78 75 92 73 39 92 82
22 99 79 65 30 0 40 82 77 29 93 94 35
44 43 69 60 78 40 0 79 91 32 94 60 10
52 45 23 91 75 82 79 0 28 26 87 27 87
38 25 47 34 92 77 91 28 0 49 27 81 59
19 77 85 41 73 29 32 26 49 0 39 84 16
95 99 28 41 39 93 94 87 27 39 0 33 10
20 54 42 91 92 94 60 27 81 84 33 0 35
37 80 76 75 82 35 10 87 59 16 10 35 0
