10
0 49 60 91 58 92 90 52 62 14
49 0 40 92 84 86 66 32 40 12
60 40 0 46 34 41 89 93 98 89
91 92 46 0 51 55 52 73 65 37
58 84 34 51 0 91 50 82 15 53
92 86 41 55 91 0 25 13 58 78
90 66 89 52 50 25 0 52 78 46
52 32 93 73 82 13 52 0 34 70
62 40 98 65 15 58 78 34 0 90
14 12 89 37 53 78 46 70 90 0
